0.000000 0.029302572951994676 -4.254154618879274
0.050000 0.02741606116143558 -4.258544289392264
0.100000 0.025672671485338583 -4.262688222895937
0.150000 0.023996331652657688 -4.2667083989014465
0.200000 0.022459849529450793 -4.270495251760473
0.250000 0.0210512289191378 -4.274065578528348
0.300000 0.019759452303340197 -4.277434873256934
0.350000 0.018574419530448694 -4.280617424352874
0.400000 0.0174868865974247 -4.283626406300687
0.450000 0.016488405456918542 -4.286473965717233
0.500000 0.015571265542934754 -4.289171301800182
0.550000 0.014728437513408466 -4.291728741305014
0.600000 0.0139535195561038 -4.294155808236484
0.650000 0.013238183020312988 -4.296462650808621
0.700000 0.01257960915531342 -4.298656135508803
0.750000 0.011972745642978566 -4.300743833413849
0.800000 0.01141303575393593 -4.3027327265899356
0.850000 0.010896357330857143 -4.3046292613601995
0.900000 0.01041897402746983 -4.3064393949963895
0.950000 0.00997749474618459 -4.308168637299181
1.000000 0.009568838918955436 -4.309822087992114
1.050000 0.00919020619805977 -4.311404470558338
1.100000 0.00883904964291915 -4.312920162978304
1.150000 0.00851305178762729 -4.3143732257230285
1.200000 0.008210103156216064 -4.315767427290199
1.250000 0.007928282901634276 -4.3171062675253555
1.300000 0.007666257697742651 -4.3183944480340966
1.350000 0.00742202614781462 -4.319633738019945
1.400000 0.007194135393699952 -4.320826966396782
1.450000 0.006981261981071185 -4.321976767097857
1.500000 0.006782200167947394 -4.323085593996477
1.550000 0.006595851294267874 -4.32415573458806
1.600000 0.006421214114730844 -4.3251893225427835
1.650000 0.006257376006431059 -4.326188349228166
1.700000 0.006103504970241147 -4.32715467429205
1.750000 0.005958842352395521 -4.328090035388239
1.800000 0.0058226962193366205 -4.328996057119623
1.850000 0.005694435325679592 -4.329874259266711
1.900000 0.005573483620260333 -4.330726064363419
1.950000 0.005459315240958773 -4.331552804676188
2.000000 0.005351449953820975 -4.3323557286374506
2.050000 0.005249448995737538 -4.333136006779811
2.100000 0.005152911285332351 -4.333894737212921
2.150000 0.00505938979328846 -4.334634188724424
2.200000 0.004970822934119212 -4.335354156886845
2.250000 0.004886720603220596 -4.33605560130417
2.300000 0.004806680631538995 -4.336739411649139
2.350000 0.004730363105434066 -4.337406417136373
2.400000 0.00465747377256065 -4.338057393535141
2.450000 0.004587753143024287 -4.3386930685597305
2.500000 0.004520969179935719 -4.339314126169582
2.550000 0.004456912271042057 -4.3399212101190825
2.600000 0.004395391661621062 -4.340514926976781
2.650000 0.004336232836884335 -4.341095848756673
2.700000 0.00427927553003471 -4.341664515255884
2.750000 0.004224372151643507 -4.342221436161798
2.800000 0.004171386510421371 -4.342767092971619
2.850000 0.004120192740966644 -4.343301940754704
2.900000 0.004070674384212936 -4.343826409779434
2.950000 0.004022723583819499 -4.3443409070211585
3.000000 0.003976240374850448 -4.344845817563728
3.050000 0.003931132046897545 -4.345341505905064
3.100000 0.003887312569990087 -4.345828317175179
3.150000 0.0038447020740335347 -4.346306578273931
3.200000 0.003803226374827773 -4.34677659893492
3.250000 0.0037628165416130344 -4.3472386727209935
3.300000 0.0037234085010169338 -4.347693077956605
3.350000 0.0036849426742548985 -4.348140078601434
3.400000 0.0036473636440810253 -4.348579925069502
3.450000 0.003610619848668506 -4.34901285499762
3.500000 0.0035746633001529915 -4.349439093966613
3.550000 0.0035394493254763404 -4.3498588561785985
3.600000 0.003504936327669128 -4.350272345093254
3.650000 0.0034710855657671402 -4.350679754025888
3.700000 0.0034378609517737857 -4.351081266709789
3.750000 0.003405228863233134 -4.351477057825236
3.800000 0.0033731579699853853 -4.35186729349742
3.850000 0.0033416190743871255 -4.352252131765117
3.900000 0.0033105849628931594 -4.3526317230222835
3.950000 0.0032800302694511174 -4.353006210433958
4.000000 0.003249931348321411 -4.353375730328441
4.050000 0.003220266156617413 -4.35374041256699
4.100000 0.003191014145418336 -4.3541003808925485
4.150000 0.0031621561583783375 -4.3544557532588515
4.200000 0.0031336743380734333 -4.354806642140974
4.250000 0.0031055520385727675 -4.355153154828627
4.300000 0.0030777737444971365 -4.355495393703099
4.350000 0.0030503249956552736 -4.355833456498915
4.400000 0.0030231923167391983 -4.3561674365511225
4.450000 0.0029963631521638945 -4.356497423028998
4.500000 0.0029698258050174786 -4.356823501157075
4.550000 0.002943569380562394 -4.357145752424082
4.600000 0.0029175837331187893 -4.357464254780702
4.650000 0.002891859416802589 -4.357779082826587
4.700000 0.002866387639446799 -4.358090307987388
4.750000 0.0028411602194928776 -4.358397998682294
4.800000 0.002816169545717173 -4.358702220482687
4.850000 0.002791408539707163 -4.359003036262305
4.900000 0.002766870620476425 -4.359300506339511
4.950000 0.002742549671747696 -4.359594688611984
5.000000 0.0027184400108808404 -4.359885638684372
5.050000 0.00269453636009942 -4.360173409989182
5.100000 0.0026708338194545433 -4.360458053901313
5.150000 0.002647327841113878 -4.360739619846698
5.200000 0.002624014205967029 -4.361018155405059
5.250000 0.002600889000934359 -4.361293706407501
5.300000 0.00257794859822269 -4.361566317028839
5.350000 0.002555189635351951 -4.3618360298752314
5.400000 0.0025326089969581744 -4.362102886067128
5.450000 0.0025102037971684865 -4.362366925317984
5.500000 0.002487971363347441 -4.362628186008795
5.550000 0.002465909220724427 -4.3628867052587665
5.600000 0.002444015077923467 -4.3631425189922775
5.650000 0.0024222868134415876 -4.363395662002322
5.700000 0.00240072246276668 -4.3636461680106455
5.750000 0.002379320206340907 -4.363894069724695
5.800000 0.002358078358408733 -4.364139398891541
5.850000 0.0023369953560923307 -4.364382186348996
5.900000 0.002314850679344005 -4.364623684856073
5.950000 0.0022930044179609865 -4.36486213570121
6.000000 0.0022713715668878365 -4.365097790603941
6.050000 0.0022499157814053206 -4.365330815540332
6.100000 0.00222862589980366 -4.365561322470421
6.150000 0.002207501689579061 -4.365789390751527
6.200000 0.00218654619534675 -4.366015080848461
6.250000 0.0021657618275092716 -4.366238443447138
6.300000 0.0021451478791725265 -4.366459525935426
6.350000 0.0021246981733717973 -4.36667837613445
6.400000 0.0021044000711185618 -4.366895040163482
6.450000 0.002084239470484306 -4.367109552066634
6.500000 0.0020642113903761583 -4.367321924749517
6.550000 0.0020443230985947025 -4.36753215681845
6.600000 0.0020245856144285312 -4.3677402475922635
6.650000 0.0020050060344019016 -4.367946204156787
6.700000 0.00198558625632117 -4.368150040442549
6.750000 0.0019663247383050475 -4.368351774385633
6.800000 0.0019472183527113884 -4.3685514258100975
6.850000 0.0019282635568487194 -4.368749015239972
6.900000 0.0019094569783248971 -4.368944563307372
6.950000 0.0018907956470926024 -4.369138090478624
7.000000 0.0018722770464449923 -4.3693296169375335
7.050000 0.0018538990817624779 -4.369519162543317
7.100000 0.0018356600200668538 -4.3697067468224295
7.150000 0.001817558424534127 -4.369892388975073
7.200000 0.001799593094830243 -4.3700761078873365
7.250000 0.0017817630168508458 -4.370257922144937
7.300000 0.0017640673217513836 -4.370437850046897
7.350000 0.0017465052536742576 -4.3706159096185155
7.400000 0.0017290761443469194 -4.370792118623448
7.450000 0.0017117793934460224 -4.370966494574968
7.500000 0.0016946144533065421 -4.371139054746452
7.550000 0.0016775808170699236 -4.371309816181183
7.600000 0.0016606780093724183 -4.3714787957015915
7.650000 0.0016439055791899193 -4.3716460099179235
7.700000 0.0016272630941145394 -4.371811475236461
7.750000 0.001610750135526473 -4.371975207867328
7.800000 0.0015943662953148419 -4.372137223831797
7.850000 0.0015781111727370956 -4.37229753896926
7.900000 0.0015619843719534288 -4.372456168943854
7.950000 0.0015459855000692357 -4.372613129250671
8.000000 0.0015301141654795458 -4.372768435221662
8.050000 0.0015143699765758356 -4.372922102031169
8.100000 0.00149875254030718 -4.373074144701242
8.150000 0.0014832614615087891 -4.373224578106518
8.200000 0.0014678963418113256 -4.373373416978926
8.250000 0.001452656779044048 -4.373520675912059
8.300000 0.001437542366527822 -4.3736663693652895
8.350000 0.0014225526926168186 -4.373810511667661
8.400000 0.0014076873402046886 -4.37395311702149
8.450000 0.0013929458862236288 -4.374094199505829
8.500000 0.0013783279016088557 -4.3742337730795775
8.550000 0.0013638329505987201 -4.374371851584575
8.600000 0.0013494605908768165 -4.374508448748308
8.650000 0.001335210373078155 -4.374643578186605
8.700000 0.0013210818408317948 -4.3747772534060365
8.750000 0.001307074530554786 -4.374909487806218
8.800000 0.001293187971313614 -4.375040294681971
8.850000 0.0012794216847744622 -4.375169687225296
8.900000 0.0012657751851889998 -4.375297678527256
8.950000 0.0012522479794014885 -4.375424281579691
9.000000 0.0012388395666533825 -4.375549509276888
9.050000 0.0012255494388746513 -4.375673374417048
9.100000 0.001212377080431537 -4.375795889703755
9.150000 0.0011993219684143241 -4.375917067747246
9.200000 0.0011863835725485217 -4.376036921065667
9.250000 0.0011735613553227608 -4.3761554620862295
9.300000 0.0011608547720705076 -4.376272703146268
9.350000 0.0011482632711157237 -4.376388656494238
9.400000 0.0011357862936876018 -4.376503334290694
9.450000 0.00112342327433268 -4.376616748609096
9.500000 0.0011111736408224715 -4.376728911436675
9.550000 0.0010990368143772855 -4.376839834675181
9.600000 0.0010870122097834667 -4.376949530141595
9.650000 0.001075099235531951 -4.377058009568806
9.700000 0.0010632972939887964 -4.377165284606233
9.750000 0.001051605781590581 -4.377271366820403
9.800000 0.0010400240889119061 -4.377376267695528
9.850000 0.001028551600850136 -4.37747999863402
9.900000 0.001017187696984223 -4.377582570956942
9.950000 0.0010059317514716781 -4.377683995904523
10.000000 0.000994783133375421 -4.377784284636566
10.050000 0.0009837412068520734 -4.377883448232865
10.100000 0.0009728053313224905 -4.377981497693588
10.150000 0.0009619748615605772 -4.378078443939676
10.200000 0.0009512491480521135 -4.378174297813158
10.250000 0.0009406275369983064 -4.378269070077524
10.300000 0.0009301093706604036 -4.378362771418022
10.350000 0.0009196939874200893 -4.378455412441987
10.400000 0.0009093807220494909 -4.378547003679129
10.450000 0.0008991689059136831 -4.378637555581807
10.500000 0.0008890578669848992 -4.378727078525349
10.550000 0.0008790469303683324 -4.378815582808253
10.600000 0.0008691354180712096 -4.378903078652522
10.650000 0.0008593226495179351 -4.378989576203862
10.700000 0.0008496079416175917 -4.37907508553195
10.750000 0.0008399906089451292 -4.379159616630673
10.800000 0.0008304699638159718 -4.379243179418398
10.850000 0.0008210453167833975 -4.3793257837381345
10.900000 0.0008117159763934012 -4.379407439357846
10.950000 0.0008024812497211542 -4.379488155970627
11.000000 0.0007933404423958734 -4.379567943194937
11.050000 0.0007842928587180609 -4.3796468105748545
11.100000 0.0007753378019685897 -4.379724767580262
11.150000 0.0007664745744584422 -4.379801823607098
11.200000 0.0007577024777667418 -4.379877987977568
11.250000 0.0007490208129148357 -4.379953269940361
11.300000 0.0007404288804302439 -4.3800276786708965
11.350000 0.0007319259806628509 -4.380101223271516
11.400000 0.0007235114137777998 -4.380173912771741
11.450000 0.0007151844800539209 -4.3802457561284704
11.500000 0.0007069444799725488 -4.380316762226226
11.550000 0.0006987907142956828 -4.3803869398773845
11.600000 0.0006907224843502036 -4.380456297822398
11.650000 0.0006827390921770871 -4.38052484473001
11.700000 0.0006748398403750855 -4.380592589197564
11.750000 0.0006670240327188992 -4.380659539751134
11.800000 0.0006592909739424613 -4.380725704845843
11.850000 0.0006516399699414421 -4.3807910928660965
11.900000 0.0006440703279686488 -4.380855712125801
11.950000 0.0006365813567725809 -4.380919570868625
12.000000 0.0006291723665619031 -4.380982677268269
12.050000 0.0006218426693358481 -4.38104503942869
12.100000 0.0006145915789446121 -4.381106665384367
12.150000 0.0006074184110254066 -4.381167563100595
12.200000 0.0006003224834074672 -4.3812277404736895
12.250000 0.0005933031159166546 -4.3812872053313185
12.300000 0.0005863596307627006 -4.3813459654327165
12.350000 0.0005794913524255207 -4.381404028468997
12.400000 0.0005726976079252211 -4.3814614020633975
12.450000 0.0005659777267190691 -4.381518093771603
12.500000 0.0005593310410390018 -4.381574111081979
12.550000 0.0005527568857175424 -4.381629461415903
12.600000 0.0005462545984897815 -4.381684152128028
12.650000 0.0005398235200040347 -4.381738190506575
12.700000 0.0005334629938147373 -4.381791583773659
12.750000 0.0005271723665920547 -4.381844339085554
12.800000 0.0005209509881787255 -4.381896463533009
12.850000 0.0005147982115936145 -4.381947964141556
12.900000 0.0005087133930210541 -4.381998847871853
12.950000 0.0005026958921661162 -4.382049121619925
13.000000 0.0004967450720840816 -4.38209879221753
13.050000 0.0004908602991697819 -4.382147866432499
13.100000 0.0004850409435483982 -4.382196350968984
13.150000 0.0004792863787841384 -4.3822442524678555
13.200000 0.00047359598207563636 -4.382291577507009
13.250000 0.0004679691343518755 -4.382338332601678
13.300000 0.0004624052202082396 -4.382384524204788
13.350000 0.0004569036280166472 -4.382430158707296
13.400000 0.0004514637500570018 -4.3824752424385
13.450000 0.00044608498230758187 -4.382519781666431
13.500000 0.00044076672470438893 -4.382563782598162
13.550000 0.0004355083811020677 -4.382607251380166
13.600000 0.0004303093592774587 -4.382650194098672
13.650000 0.00042516907098288925 -4.382692616780014
13.700000 0.00042008693199235836 -4.382734525390985
13.750000 0.00041506236211219516 -4.382775925839195
13.800000 0.0004100947851881642 -4.382816823973436
13.850000 0.00040518362906993843 -4.3828572255840585
13.900000 0.00040032832583491995 -4.3828971364032885
13.950000 0.0003955283115288921 -4.382936562105658
14.000000 0.00039078302634365514 -4.382975508308333
14.050000 0.00038609191466676407 -4.383013980571487
14.100000 0.0003814544249998164 -4.383051984398683
14.150000 0.0003768700098838451 -4.383089525237269
14.200000 0.0003723381261941938 -4.383126608478702
14.250000 0.0003678582348101145 -4.383163239458985
14.300000 0.0003634298009096426 -4.383199423458992
14.350000 0.0003590522936640639 -4.383235165704911
14.400000 0.0003547251865896328 -4.383270471368563
14.450000 0.00035044795724203937 -4.383305345567834
14.500000 0.00034622008742601906 -4.38333979336703
14.550000 0.00034204106305324444 -4.383373819777286
14.600000 0.0003379103742027212 -4.383407429756947
14.650000 0.00033382751510302455 -4.383440628211948
14.700000 0.0003297919841358521 -4.383473419996214
14.750000 0.00032580328381115464 -4.383505809912049
14.800000 0.0003218609207493728 -4.383537802710529
14.850000 0.00031796440569564766 -4.383569403091892
14.900000 0.0003141132535731117 -4.383600615705914
14.950000 0.00031030698324840955 -4.383631445152357
15.000000 0.00030654511775907167 -4.383661895981305
15.050000 0.0003028271842921981 -4.383691972693565
15.100000 0.00029915271387181974 -4.383721679741122
15.150000 0.00029552124180298733 -4.383751021527443
15.200000 0.00029193230724544605 -4.383780002407955
15.250000 0.0002883854534232455 -4.383808626690393
15.300000 0.0002848802275643436 -4.38383689863521
15.350000 0.00028141618086152675 -4.383864822455967
15.400000 0.0002779928684475408 -4.38389240231975
15.450000 0.00027460984942351274 -4.38391964234753
15.500000 0.000271266686795002 -4.383946546614586
15.550000 0.0002679629474720002 -4.3839731191509
15.600000 0.00026469820223695706 -4.383999363941528
15.650000 0.0002614720257980707 -4.384025284927015
15.700000 0.00025828399664007406 -4.384050886003786
15.750000 0.00025513369708463074 -4.384076171024538
15.800000 0.00025202071326546616 -4.384101143798627
15.850000 0.00024894463511770937 -4.384125808092458
15.900000 0.0002459050563032861 -4.384150167629892
15.950000 0.0002429015743103946 -4.384174226092608
16.000000 0.00023993379022613226 -4.3841979871205305
16.050000 0.00023700130901005423 -4.38422145431216
16.100000 0.0002341037390962697 -4.384244631225038
16.150000 0.00023124069271673875 -4.384267521376066
16.200000 0.00022841178570942589 -4.38429012824191
16.250000 0.00022561663759290695 -4.384312455259383
16.300000 0.00022285487135675908 -4.3843345058258505
16.350000 0.0002201261136356436 -4.3843562832995815
16.400000 0.00021742999465956814 -4.384377791000121
16.450000 0.00021476614812598882 -4.384399032208705
16.500000 0.00021213421122823206 -4.384420010168614
16.550000 0.0002095338247229961 -4.384440728085531
16.600000 0.0002069646327633734 -4.384461189127947
16.650000 0.0002044262830089849 -4.384481396427502
16.700000 0.00020191842649808223 -4.384501353079379
16.750000 0.00019944071768662752 -4.384521062142656
16.800000 0.00019699281439500282 -4.384540526640679
16.850000 0.00019457437786840615 -4.384559749561407
16.900000 0.00019218507258500495 -4.384578733857815
16.950000 0.00018982456645133539 -4.384597482448198
17.000000 0.0001874925305358488 -4.384615998216589
17.050000 0.00018518863931049623 -4.384634284013054
17.100000 0.0001829125704162493 -4.384652342654088
17.150000 0.00018066400473770727 -4.384670176922962
17.200000 0.00017844262638888608 -4.3846877895700445
17.250000 0.0001762481226279533 -4.384705183313182
17.300000 0.00017408018394604596 -4.384722360838013
17.350000 0.00017193850387187126 -4.384739324798346
17.400000 0.00016982277914223687 -4.384756077816462
17.450000 0.00016773270955638964 -4.384772622483478
17.500000 0.00016566799800443732 -4.384788961359667
17.550000 0.00016362835040695245 -4.384805096974805
17.600000 0.00016161347567944517 -4.384821031828504
17.650000 0.00015962308587802454 -4.3848367683905
17.700000 0.00015765689589741783 -4.384852309101039
17.750000 0.0001557146236983442 -4.384867656371157
17.800000 0.0001537959901263264 -4.384882812583019
17.850000 0.0001519007190005084 -4.384897780090225
17.900000 0.00015002853700352148 -4.384912561218143
17.950000 0.00014817917368148414 -4.384927158264208
18.000000 0.00014635236148663466 -4.384941573498235
18.050000 0.00014454783568851326 -4.384955809162731
18.100000 0.00014276533435619854 -4.3849698674731945
18.150000 0.00014100459832278034 -4.384983750618437
18.200000 0.00013926537121733418 -4.384997460760858
18.250000 0.0001375473994862375 -4.385011000036744
18.300000 0.00013585043216934878 -4.385024370556593
18.350000 0.0001341742211025121 -4.385037574405373
18.400000 0.00013251852071860526 -4.3850506136428455
18.450000 0.0001308830882855716 -4.385063490303793
18.500000 0.00012926768345522532 -4.385076206398398
18.550000 0.000127672068703788 -4.385088763912431
18.600000 0.00012609600898372264 -4.385101164807592
18.650000 0.0001245392718836058 -4.385113411021754
18.700000 0.00012300162748246635 -4.385125504469261
18.750000 0.00012148284847768309 -4.385137447041171
18.800000 0.0001199827099647166 -4.38514924060556
18.850000 0.00011850098955079602 -4.385160887007771
18.900000 0.00011703746740465704 -4.38517238807065
18.950000 0.00011559192601495738 -4.385183745594867
19.000000 0.0001141641503181745 -4.385194961359132
19.050000 0.00011275392771281645 -4.38520603712045
19.100000 0.00011136104784981171 -4.385216974614408
19.150000 0.0001099853028740938 -4.385227775555381
19.200000 0.0001086264871830167 -4.385238441636819
19.250000 0.0001072843974583293 -4.385248974531478
19.300000 0.0001059588327585459 -4.385259375891655
19.350000 0.00010464959437683774 -4.3852696473494355
19.400000 0.00010335648581971668 -4.385279790516944
19.450000 0.00010207931284611504 -4.385289806986565
19.500000 0.00010081788339633135 -4.385299698331184
19.550000 9.957200765597918e-05 -4.3853094661044
19.600000 9.834149793519487e-05 -4.385319111840785
19.650000 9.712616865087398e-05 -4.3853286370560935
19.700000 9.592583641548913e-05 -4.38533804324748
19.750000 9.474031989498144e-05 -4.385347331893729
19.800000 9.356943983007682e-05 -4.38535650445548
19.850000 9.241301903273325e-05 -4.385365562375432
19.900000 9.12708823896935e-05 -4.385374507078551
19.950000 9.014285678432543e-05 -4.385383339972305
20.000000 8.902877106109486e-05 -4.385392062446863
20.050000 8.79284561179361e-05 -4.385400675875284
20.100000 8.68417447073e-05 -4.385409181613769
20.150000 8.57684716280005e-05 -4.385417581001797
20.200000 8.470847355113165e-05 -4.385425875362385
20.250000 8.366158904493659e-05 -4.385434066002254
20.300000 8.262765855704401e-05 -4.385442154212036
20.350000 8.160652442512628e-05 -4.38545014126646
20.400000 8.059803079518701e-05 -4.385458028424558
20.450000 7.960202366419367e-05 -4.38546581692983
20.500000 7.861835078770696e-05 -4.385473508010468
20.550000 7.764686174382973e-05 -4.385481102879497
20.600000 7.668740788702166e-05 -4.385488602734991
20.650000 7.573984229125585e-05 -4.385496008760243
20.700000 7.480401974646611e-05 -4.385503322123947
20.750000 7.387979684381207e-05 -4.385510543980353
20.800000 7.296703171633112e-05 -4.385517675469492
20.850000 7.206558430183918e-05 -4.385524717717288
20.900000 7.117531611200434e-05 -4.385531671835779
20.950000 7.02960903780081e-05 -4.385538538923246
21.000000 6.942777186580429e-05 -4.385545320064411
21.050000 6.857022698980586e-05 -4.3855520163305926
21.100000 6.772332375959422e-05 -4.385558628779849
21.150000 6.688693171241766e-05 -4.3855651584571715
21.200000 6.606092196292934e-05 -4.385571606394625
21.250000 6.524516718187101e-05 -4.385577973611498
21.300000 6.443954153567688e-05 -4.3855842611144755
21.350000 6.364392061186663e-05 -4.385590469897801
21.400000 6.285818166418267e-05 -4.385596600943378
21.450000 6.208220327152958e-05 -4.3856026552209775
21.500000 6.131586545521372e-05 -4.385608633688373
21.550000 6.055904970381221e-05 -4.385614537291465
21.600000 5.9811639069096145e-05 -4.385620366964414
21.650000 5.9073517753915894e-05 -4.385626123629856
21.700000 5.834457148168326e-05 -4.385631808198969
21.750000 5.7624687350710246e-05 -4.385637421571638
21.800000 5.691375378802377e-05 -4.385642964636604
21.850000 5.621166061686722e-05 -4.38564843827158
21.900000 5.551829891103921e-05 -4.385653843343407
21.950000 5.48335610304207e-05 -4.385659180708186
22.000000 5.415734079505796e-05 -4.385664451211369
22.050000 5.348953310857496e-05 -4.385669655687957
22.100000 5.283003426370669e-05 -4.385674794962568
22.150000 5.2178741789532523e-05 -4.3856798698495965
22.200000 5.153555437331647e-05 -4.385684881153339
22.250000 5.0900372027484764e-05 -4.385689829668098
22.300000 5.027309594396456e-05 -4.385694716178313
22.350000 4.965362847642041e-05 -4.385699541458696
22.400000 4.9041873165123206e-05 -4.385704306274344
22.450000 4.843773479024094e-05 -4.38570901138083
22.500000 4.784111919775569e-05 -4.38571365752436
22.550000 4.725193340959777e-05 -4.385718245441874
22.600000 4.6670085563249586e-05 -4.385722775861146
22.650000 4.6095484950825494e-05 -4.385727249500911
22.700000 4.552804195157023e-05 -4.385731667070967
22.750000 4.496766794659379e-05 -4.38573602927231
22.800000 4.441427552848154e-05 -4.385740336797201
22.850000 4.3867778288131376e-05 -4.3857445903293
22.900000 4.332809085028089e-05 -4.385748790543771
22.950000 4.279512895166704e-05 -4.385752938107379
23.000000 4.226880924917964e-05 -4.385757033678604
23.050000 4.174904946196989e-05 -4.385761077907734
23.100000 4.1235768417635654e-05 -4.385765071436946
23.150000 4.072888573602995e-05 -4.385769014900467
23.200000 4.022832214900518e-05 -4.385772908924604
23.250000 3.9733999322777436e-05 -4.385776754127881
23.300000 3.924583993608621e-05 -4.38578055112111
23.350000 3.876376748479515e-05 -4.385784300507526
23.400000 3.8287706516371145e-05 -4.385788002882834
23.450000 3.781758247711764e-05 -4.385791658835329
23.500000 3.735332164467309e-05 -4.385795268945986
23.550000 3.6894851334068335e-05 -4.385798833788535
23.600000 3.644209965258938e-05 -4.385802353929566
23.650000 3.599499557438435e-05 -4.385805829928624
23.700000 3.555346903638679e-05 -4.38580926233826
23.750000 3.511745082107609e-05 -4.385812651704147
23.800000 3.468687241436896e-05 -4.385815998565187
23.850000 3.426166627562566e-05 -4.385819303453541
23.900000 3.3841765688436e-05 -4.3858225668947375
23.950000 3.342710479259381e-05 -4.385825789407751
24.000000 3.3017618360275947e-05 -4.385828971505119
24.050000 3.261324212289196e-05 -4.385832113692961
24.100000 3.2213912597001126e-05 -4.3858352164710865
24.150000 3.181956698838917e-05 -4.385838280333089
24.200000 3.1430143387467524e-05 -4.385841305766388
24.250000 3.10455805028198e-05 -4.385844293252353
24.300000 3.066581794897161e-05 -4.3858472432663165
24.350000 3.0290796001253284e-05 -4.385850156277701
24.400000 2.992045567040691e-05 -4.38585303275007
24.450000 2.955473868127001e-05 -4.385855873141214
24.500000 2.9193587554487976e-05 -4.385858677903185
24.550000 2.8836945435983807e-05 -4.385861447482421
24.600000 2.848475620353952e-05 -4.385864182319774
24.650000 2.8136964449032575e-05 -4.385866882850595
24.700000 2.7793515357643628e-05 -4.385869549504819
24.750000 2.7454354942335613e-05 -4.385872182706978
24.800000 2.7119429734767664e-05 -4.385874782876345
24.850000 2.6788687019774216e-05 -4.38587735042693
24.900000 2.646207468970374e-05 -4.385879885767582
24.950000 2.6139541279945888e-05 -4.38588238930205
25.000000 2.5821035954720628e-05 -4.385884861429042
25.050000 2.5506508585237953e-05 -4.385887302542265
25.100000 2.5195909582720333e-05 -4.385889713030531
25.150000 2.4889189930377142e-05 -4.385892093277797
25.200000 2.458630133972406e-05 -4.385894443663204
25.250000 2.4287196001893108e-05 -4.385896764561176
25.300000 2.399182682211176e-05 -4.385899056341439
25.350000 2.370014718522384e-05 -4.385901319369114
25.400000 2.341211104806007e-05 -4.385903554004762
25.450000 2.3127673031808627e-05 -4.3859057606044205
25.500000 2.28467882266159e-05 -4.385907939519694
25.550000 2.256941231593146e-05 -4.385910091097785
25.600000 2.2295501544533636e-05 -4.38591221568155
25.650000 2.2025012700765956e-05 -4.385914313609566
25.700000 2.175790303482472e-05 -4.385916385216186
25.750000 2.149413046836912e-05 -4.385918430831554
25.800000 2.1233653271224284e-05 -4.385920450781722
25.850000 2.0976430395336365e-05 -4.385922445388632
25.900000 2.072242114081746e-05 -4.385924414970228
25.950000 2.0471585493453404e-05 -4.385926359840447
26.000000 2.0223883748116123e-05 -4.385928280309334
26.050000 1.997927688179857e-05 -4.385930176683013
26.100000 1.9737726159263502e-05 -4.385932049263827
26.150000 1.949919348120943e-05 -4.3859338983502925
26.200000 1.9263641156896938e-05 -4.385935724237218
26.250000 1.9031031953886668e-05 -4.385937527215713
26.300000 1.8801329112250187e-05 -4.385939307573249
26.350000 1.857449637299169e-05 -4.385941065593691
26.400000 1.8350497857255732e-05 -4.385942801557358
26.450000 1.8129298112512515e-05 -4.385944515741072
26.500000 1.7910862318615273e-05 -4.38594620841815
26.550000 1.7695155776209504e-05 -4.385947879858547
26.600000 1.7482144510694297e-05 -4.385949530328782
26.650000 1.7271794806816843e-05 -4.385951160092067
26.700000 1.706407341472982e-05 -4.385952769408315
26.750000 1.685894745406813e-05 -4.385954358534186
26.800000 1.6656384538293878e-05 -4.3859559277231135
26.850000 1.6456352618376968e-05 -4.385957477225369
26.900000 1.6258820053849377e-05 -4.385959007288088
26.950000 1.6063755587936157e-05 -4.385960518155313
27.000000 1.5871128436373283e-05 -4.3859620100680115
27.050000 1.568090804937583e-05 -4.3859634832641605
27.100000 1.5493064392302358e-05 -4.385964937978734
27.150000 1.5307567728939375e-05 -4.3859663744437745
27.200000 1.5124388717424608e-05 -4.385967792888412
27.250000 1.4943498435115998e-05 -4.385969193538894
27.300000 1.4764868140559884e-05 -4.385970576618672
27.350000 1.4588469682053073e-05 -4.385971942348346
27.400000 1.4414275121055198e-05 -4.385973290945786
27.450000 1.424225687074454e-05 -4.385974622626124
27.500000 1.4072387759966887e-05 -4.385975937601785
27.550000 1.3904640855599837e-05 -4.385977236082554
27.600000 1.3738989643741206e-05 -4.38597851827556
27.650000 1.3575407898258618e-05 -4.385979784385353
27.700000 1.341386974473835e-05 -4.385981034613912
27.750000 1.3254349632063622e-05 -4.3859822691606825
27.800000 1.3096822286229326e-05 -4.385983488222618
27.850000 1.294126278139629e-05 -4.385984691994195
27.900000 1.2787646518575002e-05 -4.385985880667452
27.950000 1.2635949179440331e-05 -4.385987054432017
28.000000 1.2486146733436954e-05 -4.385988213475153
28.050000 1.2338215466201063e-05 -4.385989357981764
28.100000 1.2192132015087509e-05 -4.385990488134425
28.150000 1.2047873205744963e-05 -4.385991604113443
28.200000 1.190541624040975e-05 -4.385992706096847
28.250000 1.176473855224458e-05 -4.385993794260442
28.300000 1.1625817855076548e-05 -4.3859948687778285
28.350000 1.1488632182476977e-05 -4.385995929820418
28.400000 1.1353159830918003e-05 -4.38599697755748
28.450000 1.1219379302929156e-05 -4.385998012156167
28.500000 1.1087269506049324e-05 -4.385999033781511
28.550000 1.0956809468609663e-05 -4.386000042596501
28.600000 1.0827978560001839e-05 -4.386001038762062
28.650000 1.0700756398307476e-05 -4.386002022437107
28.700000 1.0575122821876448e-05 -4.386002993778555
28.750000 1.0451057928406726e-05 -4.386003952941363
28.800000 1.0328542138893226e-05 -4.386004900078517
28.850000 1.0207555988017702e-05 -4.38600583534112
28.900000 1.0088080383496845e-05 -4.386006758878345
28.950000 9.970096424893882e-06 -4.3860076708375075
29.000000 9.853585368091444e-06 -4.3860085713640835
29.050000 9.738528859770668e-06 -4.386009460601698
29.100000 9.624908610561533e-06 -4.3860103386922
29.150000 9.512706650838254e-06 -4.386011205775647
29.200000 9.401905266770427e-06 -4.386012061990323
29.250000 9.292486875978057e-06 -4.386012907472802
29.300000 9.184434205167236e-06 -4.3860137423579175
29.350000 9.077730091178182e-06 -4.386014566778839
29.400000 8.972357729675196e-06 -4.386015380867031
29.450000 8.868300358955139e-06 -4.3860161847523385
29.500000 8.76554159745524e-06 -4.386016978562948
29.550000 8.664065074270866e-06 -4.386017762425469
29.600000 8.563854834164886e-06 -4.3860185364648805
29.650000 8.464895007165296e-06 -4.386019300804619
29.700000 8.367169868961355e-06 -4.386020055566574
29.750000 8.270664029197405e-06 -4.386020800871084
29.800000 8.175362172124778e-06 -4.386021536836995
29.850000 8.081249227132048e-06 -4.386022263581649
29.900000 7.988310343876037e-06 -4.3860229812209095
29.950000 7.89653076083141e-06 -4.3860236898692015
30.000000 7.805895986479072e-06 -4.386024389639502
30.050000 7.716391692724756e-06 -4.386025080643365
30.100000 7.628003686477314e-06 -4.386025762990957
30.150000 7.540718048204553e-06 -4.3860264367910355
30.200000 7.4545209152176994e-06 -4.386027102151021
30.250000 7.369398705492358e-06 -4.386027759176962
30.300000 7.285337897400268e-06 -4.38602840797359
30.350000 7.202325235766693e-06 -4.386029048644311
30.400000 7.120347586209164e-06 -4.386029681291233
30.450000 7.039391960006469e-06 -4.3860303060151855
30.500000 6.959445627785499e-06 -4.386030922915718
30.550000 6.880495863725855e-06 -4.3860315320911525
30.600000 6.802530222671521e-06 -4.3860321336385555
30.650000 6.725536398022314e-06 -4.386032727653776
30.700000 6.649502200417601e-06 -4.386033314231462
30.750000 6.574415586158011e-06 -4.386033893465081
30.800000 6.500264760234131e-06 -4.386034465446899
30.850000 6.42703792053112e-06 -4.386035030268057
30.900000 6.354723545598517e-06 -4.386035588018526
30.950000 6.283310174381995e-06 -4.386036138787156
31.000000 6.2127865376737645e-06 -4.386036682661675
31.050000 6.143141497716442e-06 -4.38603721972871
31.100000 6.0743640482030514e-06 -4.386037750073802
31.150000 6.006443314277021e-06 -4.386038273781415
31.200000 5.939368595164751e-06 -4.386038790934943
31.250000 5.873129254041487e-06 -4.386039301616751
31.300000 5.807714860139868e-06 -4.386039805908149
31.350000 5.743115071510374e-06 -4.386040303889433
31.400000 5.679319652784898e-06 -4.386040795639897
31.450000 5.616318603074433e-06 -4.386041281237814
31.500000 5.554101910831832e-06 -4.386041760760503
31.550000 5.4926597989890524e-06 -4.386042234284286
31.600000 5.431982533110613e-06 -4.386042701884545
31.650000 5.372060549291291e-06 -4.3860431636357
31.700000 5.312884354680136e-06 -4.386043619611247
31.750000 5.2544446766944475e-06 -4.386044069883738
31.800000 5.196732253409664e-06 -4.386044514524835
31.850000 5.13973798277334e-06 -4.3860449536052855
31.900000 5.083452837340019e-06 -4.386045387194963
31.950000 5.027868020590631e-06 -4.386045815362831
32.000000 4.972974686268117e-06 -4.386046238177021
32.050000 4.918764190620095e-06 -4.386046655704788
32.100000 4.8652280604244424e-06 -4.386047068012532
32.150000 4.812357733641193e-06 -4.386047475165853
32.200000 4.760144936000188e-06 -4.386047877229493
32.250000 4.7085814465219755e-06 -4.386048274267387
32.300000 4.6576590797542394e-06 -4.386048666342679
32.350000 4.607369866960198e-06 -4.386049053517705
32.400000 4.557705853613925e-06 -4.38604943585402
32.450000 4.508659223745326e-06 -4.3860498134124075
32.500000 4.4602222395440094e-06 -4.386050186252883
32.550000 4.412387298202702e-06 -4.386050554434709
32.600000 4.365146828888555e-06 -4.386050918016403
32.650000 4.3184933744555565e-06 -4.386051277055752
32.700000 4.272419619866241e-06 -4.386051631609807
32.750000 4.226918292715709e-06 -4.386051981734905
32.800000 4.181982259154893e-06 -4.3860523274866665
32.850000 4.137604406651008e-06 -4.386052668920026
32.900000 4.093777754121675e-06 -4.386053006089225
32.950000 4.050495423513212e-06 -4.386053339047809
33.000000 4.007750582957215e-06 -4.386053667848667
33.050000 3.965536489403121e-06 -4.386053992544014
33.100000 3.923846545461629e-06 -4.386054313185401
33.150000 3.882674160848865e-06 -4.386054629823747
33.200000 3.842012866073219e-06 -4.386054942509317
33.250000 3.8018562378283605e-06 -4.386055251291759
33.300000 3.762198051759924e-06 -4.386055556220061
33.350000 3.723031944957711e-06 -4.386055857342651
33.400000 3.6843518387286167e-06 -4.386056154707295
33.450000 3.646151633063255e-06 -4.386056448361188
33.500000 3.6084253309809355e-06 -4.386056738350916
33.550000 3.5711669958971015e-06 -4.3860570247224935
33.600000 3.534370783597751e-06 -4.386057307521339
33.650000 3.4980308782905922e-06 -4.386057586792319
33.700000 3.4621416311608755e-06 -4.386057862579712
33.750000 3.4266973258922917e-06 -4.386058134927271
33.800000 3.3916924806476345e-06 -4.386058403878159
33.850000 3.3571215602989923e-06 -4.386058669475027
33.900000 3.3229791291944366e-06 -4.386058931759978
33.950000 3.289259804972744e-06 -4.386059190774594
34.000000 3.2559583438285244e-06 -4.386059446559916
34.050000 3.223069501956388e-06 -4.386059699156484
34.100000 3.1905881456850693e-06 -4.386059948604313
34.150000 3.158509109368879e-06 -4.386060194942942
34.200000 3.1268274192086665e-06 -4.3860604382113815
34.250000 3.095538087194427e-06 -4.386060678448167
34.300000 3.064636221239425e-06 -4.386060915691349
34.350000 3.034116971889489e-06 -4.386061149978492
34.400000 3.003975542981152e-06 -4.386061381346699
34.450000 2.9742072555904997e-06 -4.386061609832588
34.500000 2.9448073313176337e-06 -4.386061835472354
34.550000 2.9157712901906052e-06 -4.386062058301681
34.600000 2.887094534997914e-06 -4.386062278355848
34.650000 2.8587725751094695e-06 -4.386062495669673
34.700000 2.8308009518696053e-06 -4.3860627102775425
34.750000 2.8031753416257743e-06 -4.386062922213397
34.800000 2.7758913603292967e-06 -4.386063131510771
34.850000 2.7489447980144632e-06 -4.386063338202755
34.900000 2.7223313878721456e-06 -4.386063542322041
34.950000 2.696047001649049e-06 -4.386063743900894
35.000000 2.6700874897755966e-06 -4.386063942971194
35.050000 2.644448851896186e-06 -4.386064139564389
35.100000 2.6191270094955144e-06 -4.386064333711569
35.150000 2.5941180332722524e-06 -4.386064525443402
35.200000 2.569418057873918e-06 -4.386064714790177
35.250000 2.545023143341041e-06 -4.38606490178182
35.300000 2.520929545113404e-06 -4.3860650864478545
35.350000 2.497133458234657e-06 -4.3860652688174495
35.400000 2.473631226962425e-06 -4.386065448919394
35.450000 2.4504191102892037e-06 -4.386065626782137
35.500000 2.427493480894327e-06 -4.386065802433754
35.550000 2.404850839354822e-06 -4.386065975901954
35.600000 2.382487622298868e-06 -4.386066147214119
35.650000 2.3604002663546453e-06 -4.386066316397291
35.700000 2.3385854177604415e-06 -4.386066483478145
35.750000 2.3170396552529837e-06 -4.38606664848304
35.800000 2.295759582437995e-06 -4.3860668114380035
35.850000 2.2747419237134636e-06 -4.386066972368724
35.900000 2.253983375055668e-06 -4.386067131300581
35.950000 2.2334807496804387e-06 -4.386067288258619
36.000000 2.213230789749332e-06 -4.386067443267583
36.050000 2.193230375979738e-06 -4.3860675963519
36.100000 2.1734763961944736e-06 -4.386067747535681
36.150000 2.153965780848921e-06 -4.386067896842747
36.200000 2.134695442634893e-06 -4.386068044296624
36.250000 2.1156624399054635e-06 -4.386068189920517
36.300000 2.096863838119134e-06 -4.386068333737353
36.350000 2.078296621021991e-06 -4.386068475769789
36.400000 2.0599579677593738e-06 -4.3860686160401645
36.450000 2.0418450183967707e-06 -4.386068754570556
36.500000 2.023954952079521e-06 -4.386068891382766
36.550000 2.0062849799273863e-06 -4.386069026498312
36.600000 1.988832369903548e-06 -4.386069159938442
36.650000 1.9715944219456105e-06 -4.386069291724143
36.700000 1.954568439543891e-06 -4.386069421876134
36.750000 1.937751779479413e-06 -4.386069550414879
36.800000 1.9211418411657633e-06 -4.386069677360573
36.850000 1.9047360595436658e-06 -4.386069802733164
36.900000 1.8885318660011308e-06 -4.386069926552354
36.950000 1.8725267558750147e-06 -4.386070048837589
37.000000 1.8567182529238835e-06 -4.386070169608072
37.050000 1.8411039093280124e-06 -4.3860702888827685
37.100000 1.8256813163475272e-06 -4.386070406680398
37.150000 1.81044806168984e-06 -4.386070523019454
37.200000 1.795401775694927e-06 -4.386070637918195
37.250000 1.7805402059423159e-06 -4.386070751394634
37.300000 1.7658609294812777e-06 -4.386070863466592
37.350000 1.751361782709182e-06 -4.386070974151625
37.400000 1.7370404776784198e-06 -4.386071083467101
37.450000 1.722894790390228e-06 -4.386071191430155
37.500000 1.7089225892163995e-06 -4.386071298057695
37.550000 1.6951216466054575e-06 -4.386071403366446
37.600000 1.6814898557981905e-06 -4.386071507372901
37.650000 1.6680251135881008e-06 -4.3860716100933494
37.700000 1.6547253274268314e-06 -4.386071711543881
37.750000 1.6415884793730129e-06 -4.386071811740372
37.800000 1.6286125159581388e-06 -4.38607191069851
37.850000 1.6157954227935534e-06 -4.386072008433786
37.900000 1.6031352529921605e-06 -4.386072104961485
37.950000 1.590630052561437e-06 -4.3860722002967085
38.000000 1.578277849745291e-06 -4.386072294454374
38.050000 1.5660767935798958e-06 -4.386072387449193
38.100000 1.554024986916147e-06 -4.3860724792957075
38.150000 1.542120557473936e-06 -4.386072570008276
38.200000 1.5303616933692865e-06 -4.386072659601064
38.250000 1.5187466040345043e-06 -4.386072748088069
38.300000 1.507273449163904e-06 -4.386072835483118
38.350000 1.4959404808223553e-06 -4.3860729217998555
38.400000 1.484745990154579e-06 -4.386073007051748
38.450000 1.4736881865928808e-06 -4.386073091252116
38.500000 1.4627654714161054e-06 -4.386073174414076
38.550000 1.4519761073472637e-06 -4.386073256550616
38.600000 1.4413184423744951e-06 -4.386073337674539
38.650000 1.4307908102750844e-06 -4.386073417798507
38.700000 1.42039165496044e-06 -4.386073496934991
38.750000 1.4101193386295563e-06 -4.386073575096336
38.800000 1.3999723122992691e-06 -4.386073652294715
38.850000 1.3899489808011367e-06 -4.386073728542157
38.900000 1.380047830679132e-06 -4.386073803850535
38.950000 1.3702673804516508e-06 -4.386073878231565
39.000000 1.3606060882409565e-06 -4.386073951696834
39.050000 1.3510624761181589e-06 -4.3860740242577725
39.100000 1.3416351016815042e-06 -4.386074095925661
39.150000 1.332322543845521e-06 -4.386074166711649
39.200000 1.3231233069177506e-06 -4.386074236626751
39.250000 1.314036051525136e-06 -4.386074305681824
39.300000 1.3050593423713508e-06 -4.386074373887605
39.350000 1.2961918685050478e-06 -4.3860744412546815
39.400000 1.2874322266043237e-06 -4.386074507793529
39.450000 1.2787790488744122e-06 -4.38607457351448
39.500000 1.2702310918655257e-06 -4.386074638427725
39.550000 1.2617870126518937e-06 -4.3860747025433415
39.600000 1.2534455144930234e-06 -4.3860747658712835
39.650000 1.2452053752554093e-06 -4.386074828421362
39.700000 1.2370652662241355e-06 -4.386074890203289
39.750000 1.2290239901346922e-06 -4.386074951226633
39.800000 1.221080335511715e-06 -4.386075011500852
39.850000 1.2132330446945616e-06 -4.386075071035288
39.900000 1.2054809594985727e-06 -4.386075129839161
39.950000 1.1978228933173796e-06 -4.386075187921575
40.000000 1.1902577021771776e-06 -4.386075245291514
40.050000 1.1827841710498888e-06 -4.386075301957873
40.100000 1.1754012447795503e-06 -4.386075357929398
40.150000 1.1681077616287894e-06 -4.386075413214758
40.200000 1.1609026451253612e-06 -4.386075467822493
40.250000 1.1537847228737519e-06 -4.3860755217610565
40.300000 1.1467530072195586e-06 -4.386075575038765
40.350000 1.1398063861634e-06 -4.386075627663861
40.400000 1.1329438152074545e-06 -4.386075679644468
40.450000 1.126164253406614e-06 -4.386075730988607
40.500000 1.1194667024483351e-06 -4.3860757817042
40.550000 1.1128500752022319e-06 -4.386075831799085
40.600000 1.1063134444100342e-06 -4.38607588128097
40.650000 1.0998558295227667e-06 -4.386075930157487
40.700000 1.09347613985733e-06 -4.386075978436191
40.750000 1.0871735405260097e-06 -4.386076026124491
40.800000 1.0809470296635482e-06 -4.386076073229747
40.850000 1.074795651589966e-06 -4.386076119759214
40.900000 1.0687184825997065e-06 -4.386076165720053
40.950000 1.0627146593833459e-06 -4.386076211119326
41.000000 1.0567832049446224e-06 -4.386076255964029
41.050000 1.0509232630795395e-06 -4.3860763002610526
41.100000 1.0451339491623912e-06 -4.386076344017205
41.150000 1.0394143856728988e-06 -4.386076387239213
41.200000 1.0337636950907836e-06 -4.386076429933722
41.250000 1.0281810389756174e-06 -4.386076472107278
41.300000 1.0226656108613952e-06 -4.386076513766357
41.350000 1.0172165332278382e-06 -4.386076554917356
41.400000 1.0118330067143688e-06 -4.386076595566587
41.450000 1.006514256829405e-06 -4.3860766357202765
41.500000 1.0012594096053817e-06 -4.386076675384593
41.550000 9.960677402887086e-07 -4.386076714565605
41.600000 9.909384424133805e-07 -4.386076753269317
41.650000 9.85870791225807e-07 -4.386076791501651
41.700000 9.808639305219913e-07 -4.386076829268476
41.750000 9.75917213708044e-07 -4.386076866575549
41.800000 9.710298307652465e-07 -4.386076903428596
41.850000 9.662010960198586e-07 -4.386076939833235
41.900000 9.614302562965804e-07 -4.386076975795045
41.950000 9.567166117108172e-07 -4.3860770113195136
42.000000 9.520594943523975e-07 -4.38607704641206
42.050000 9.474581723623032e-07 -4.38607708107805
42.100000 9.429119174342304e-07 -4.386077115322781
42.150000 9.384201113959989e-07 -4.38607714915147
42.200000 9.33982075679296e-07 -4.38607718256927
42.250000 9.295971139522408e-07 -4.386077215581291
42.300000 9.252645938317983e-07 -4.386077248192551
42.350000 9.209839291202115e-07 -4.386077280408012
42.400000 9.167543950638901e-07 -4.3860773122325964
42.450000 9.125753841487949e-07 -4.38607734367114
42.500000 9.0844632083531e-07 -4.386077374728419
42.550000 9.043665620822594e-07 -4.386077405409165
42.600000 9.003354826120358e-07 -4.3860774357180405
42.650000 8.963525068850231e-07 -4.38607746565965
42.700000 8.924170487034644e-07 -4.386077495238541
42.750000 8.885285076587479e-07 -4.386077524459207
42.800000 8.846863259748261e-07 -4.386077553326078
42.850000 8.808899210066556e-07 -4.386077581843538
42.900000 8.771387385309026e-07 -4.38607761001591
42.950000 8.734322101133785e-07 -4.386077637847466
43.000000 8.697697992943176e-07 -4.38607766534242
43.050000 8.66150966061241e-07 -4.386077692504938
43.100000 8.62575163296242e-07 -4.3860777193391325
43.150000 8.590419184884013e-07 -4.386077745849053
43.200000 8.555506241236799e-07 -4.386077772038727
43.250000 8.521008076911585e-07 -4.386077797912107
43.300000 8.486919931272041e-07 -4.386077823473096
43.350000 8.453236119976282e-07 -4.386077848725567
43.400000 8.419952344240755e-07 -4.38607787367332
43.450000 8.387063132886396e-07 -4.3860778983201305
43.500000 8.354564151602517e-07 -4.386077922669711
43.550000 8.32245028448142e-07 -4.386077946725734
43.600000 8.290716984049595e-07 -4.386077970491825
43.650000 8.259359596252125e-07 -4.386077993971564
43.700000 8.228373218344132e-07 -4.386078017168491
43.750000 8.197753729177748e-07 -4.386078040086091
43.800000 8.167496581279465e-07 -4.386078062727812
43.850000 8.137597298230048e-07 -4.386078085097058
43.900000 8.108051261501714e-07 -4.386078107197195
43.950000 8.078854492055143e-07 -4.386078129031541
44.000000 8.05000262005251e-07 -4.386078150603375
44.050000 8.021490849330348e-07 -4.386078171915942
44.100000 7.993316160082031e-07 -4.386078192972418
44.150000 7.965473720616956e-07 -4.386078213775978
44.200000 7.937959765058622e-07 -4.386078234329728
44.250000 7.910770101204889e-07 -4.3860782546367565
44.300000 7.883900430272206e-07 -4.386078274700105
44.350000 7.857347839035356e-07 -4.386078294522758
44.400000 7.831106856315273e-07 -4.386078314107714
44.450000 7.805175634700845e-07 -4.38607833345786
44.500000 7.779549164865784e-07 -4.386078352576111
44.550000 7.754224107259233e-07 -4.386078371465315
44.600000 7.729196269679051e-07 -4.3860783901283025
44.650000 7.70446284548143e-07 -4.386078408567841
44.700000 7.680019749045641e-07 -4.38607842678669
44.750000 7.655863640820826e-07 -4.38607844478756
44.800000 7.631990683876211e-07 -4.386078462573139
44.850000 7.608397858405169e-07 -4.386078480146068
44.900000 7.585081540639749e-07 -4.386078497508963
44.950000 7.562038710773322e-07 -4.386078514664402
45.000000 7.53926538976657e-07 -4.386078531614946
45.050000 7.516758877557095e-07 -4.386078548363105
45.100000 7.494515621431219e-07 -4.386078564911367
45.150000 7.472532495000905e-07 -4.386078581262185
45.200000 7.45080644293239e-07 -4.3860785974179874
45.250000 7.429334445419045e-07 -4.386078613381167
45.300000 7.408112807638645e-07 -4.3860786291540945
45.350000 7.387139149273025e-07 -4.386078644739096
45.400000 7.366410379461286e-07 -4.386078660138479
45.450000 7.345923123125431e-07 -4.386078675354531
45.500000 7.325674857838749e-07 -4.386078690389491
45.550000 7.305662776957433e-07 -4.386078705245579
45.600000 7.285883469876353e-07 -4.3860787199249955
45.650000 7.266334343114522e-07 -4.386078734429908
45.700000 7.247013122935186e-07 -4.386078748762442
45.750000 7.227916256624667e-07 -4.3860787629247255
45.800000 7.209041328337662e-07 -4.38607877691884
45.850000 7.19038592222887e-07 -4.386078790746838
45.900000 7.171947302708759e-07 -4.38607880441076
45.950000 7.153722414443564e-07 -4.386078817912619
46.000000 7.135709267913626e-07 -4.386078831254388
46.050000 7.117904772258044e-07 -4.38607884443804
46.100000 7.100306724794336e-07 -4.386078857465499
46.150000 7.08291285178575e-07 -4.386078870338674
46.200000 7.065720026844247e-07 -4.386078883059468
46.250000 7.04872622492303e-07 -4.38607889562973
46.300000 7.031928923595387e-07 -4.386078908051312
46.350000 7.015325884651702e-07 -4.3860789203260175
46.400000 6.998914869882356e-07 -4.386078932455649
46.450000 6.982693392387773e-07 -4.3860789444419765
46.500000 6.966659285012611e-07 -4.38607895628675
46.550000 6.950809883221609e-07 -4.38607896799171
46.600000 6.935143410657929e-07 -4.38607897955855
46.650000 6.919657415949132e-07 -4.386078990988963
46.700000 6.904349945102695e-07 -4.386079002284607
46.750000 6.889218795436136e-07 -4.386079013447133
46.800000 6.874261657685565e-07 -4.386079024478161
46.850000 6.859476755494143e-07 -4.3860790353792956
46.900000 6.844861353272336e-07 -4.3860790461521315
46.950000 6.83041406546181e-07 -4.386079056798218
47.000000 6.816132938070041e-07 -4.3860790673191
47.050000 6.802015484197454e-07 -4.386079077716312
47.100000 6.788059963014348e-07 -4.386079087991357
47.150000 6.774264669218155e-07 -4.386079098145717
47.200000 6.760627151436438e-07 -4.386079108180874
47.250000 6.747146130692272e-07 -4.386079118098263
